{
 "cells": [
  {
   "cell_type": "code",
   "execution_count": 74,
   "metadata": {},
   "outputs": [],
   "source": [
    "\n",
    "# 1. 나이 (age): 나이 (년)\n",
    "# 2. 성별 (sex): 성별\n",
    "# 3. 체질량 지수 (bmi): 체질량 지수\n",
    "# 4. 평균 혈압 (bp): 평균 혈압\n",
    "# 5. 총 혈청 콜레스테롤 (s1): TC, 총 혈청 콜레스테롤\n",
    "# 6. 저밀도 리포닛 (s2): LDL, 저밀도 리포닛\n",
    "# 7. 고밀도 리포닛 (s3): HDL, 고밀도 리포닛\n",
    "# 8. 총 콜레스테롤 / HDL 비율 (s4): TCH, 총 콜레스테롤 / HDL\n",
    "# 9. 혈청 트리글리세라이드 (s5): LTG, 혈청 트리글리세라이드\n",
    "# 10. 혈당 수치 (s6): GLU, 혈당 수치\n",
    "from sklearn.datasets import load_diabetes\n",
    "import pandas as pd\n",
    "import numpy as np \n",
    "from scipy import stats\n",
    "\n",
    "\n",
    "\n",
    "diabetes = load_diabetes()\n",
    "df=pd.DataFrame(diabetes.data, columns=diabetes[\"feature_names\"])"
   ]
  },
  {
   "cell_type": "code",
   "execution_count": 75,
   "metadata": {},
   "outputs": [
    {
     "data": {
      "text/html": [
       "<div>\n",
       "<style scoped>\n",
       "    .dataframe tbody tr th:only-of-type {\n",
       "        vertical-align: middle;\n",
       "    }\n",
       "\n",
       "    .dataframe tbody tr th {\n",
       "        vertical-align: top;\n",
       "    }\n",
       "\n",
       "    .dataframe thead th {\n",
       "        text-align: right;\n",
       "    }\n",
       "</style>\n",
       "<table border=\"1\" class=\"dataframe\">\n",
       "  <thead>\n",
       "    <tr style=\"text-align: right;\">\n",
       "      <th></th>\n",
       "      <th>age</th>\n",
       "      <th>sex</th>\n",
       "      <th>bmi</th>\n",
       "      <th>bp</th>\n",
       "      <th>s1</th>\n",
       "      <th>s2</th>\n",
       "      <th>s3</th>\n",
       "      <th>s4</th>\n",
       "      <th>s5</th>\n",
       "      <th>s6</th>\n",
       "    </tr>\n",
       "  </thead>\n",
       "  <tbody>\n",
       "    <tr>\n",
       "      <th>age</th>\n",
       "      <td>1.000000</td>\n",
       "      <td>0.173737</td>\n",
       "      <td>0.185085</td>\n",
       "      <td>0.335428</td>\n",
       "      <td>0.260061</td>\n",
       "      <td>0.219243</td>\n",
       "      <td>-0.075181</td>\n",
       "      <td>0.203841</td>\n",
       "      <td>0.270774</td>\n",
       "      <td>0.301731</td>\n",
       "    </tr>\n",
       "    <tr>\n",
       "      <th>sex</th>\n",
       "      <td>0.173737</td>\n",
       "      <td>1.000000</td>\n",
       "      <td>0.088161</td>\n",
       "      <td>0.241010</td>\n",
       "      <td>0.035277</td>\n",
       "      <td>0.142637</td>\n",
       "      <td>-0.379090</td>\n",
       "      <td>0.332115</td>\n",
       "      <td>0.149916</td>\n",
       "      <td>0.208133</td>\n",
       "    </tr>\n",
       "    <tr>\n",
       "      <th>bmi</th>\n",
       "      <td>0.185085</td>\n",
       "      <td>0.088161</td>\n",
       "      <td>1.000000</td>\n",
       "      <td>0.395411</td>\n",
       "      <td>0.249777</td>\n",
       "      <td>0.261170</td>\n",
       "      <td>-0.366811</td>\n",
       "      <td>0.413807</td>\n",
       "      <td>0.446157</td>\n",
       "      <td>0.388680</td>\n",
       "    </tr>\n",
       "    <tr>\n",
       "      <th>bp</th>\n",
       "      <td>0.335428</td>\n",
       "      <td>0.241010</td>\n",
       "      <td>0.395411</td>\n",
       "      <td>1.000000</td>\n",
       "      <td>0.242464</td>\n",
       "      <td>0.185548</td>\n",
       "      <td>-0.178762</td>\n",
       "      <td>0.257650</td>\n",
       "      <td>0.393480</td>\n",
       "      <td>0.390430</td>\n",
       "    </tr>\n",
       "    <tr>\n",
       "      <th>s1</th>\n",
       "      <td>0.260061</td>\n",
       "      <td>0.035277</td>\n",
       "      <td>0.249777</td>\n",
       "      <td>0.242464</td>\n",
       "      <td>1.000000</td>\n",
       "      <td>0.896663</td>\n",
       "      <td>0.051519</td>\n",
       "      <td>0.542207</td>\n",
       "      <td>0.515503</td>\n",
       "      <td>0.325717</td>\n",
       "    </tr>\n",
       "    <tr>\n",
       "      <th>s2</th>\n",
       "      <td>0.219243</td>\n",
       "      <td>0.142637</td>\n",
       "      <td>0.261170</td>\n",
       "      <td>0.185548</td>\n",
       "      <td>0.896663</td>\n",
       "      <td>1.000000</td>\n",
       "      <td>-0.196455</td>\n",
       "      <td>0.659817</td>\n",
       "      <td>0.318357</td>\n",
       "      <td>0.290600</td>\n",
       "    </tr>\n",
       "    <tr>\n",
       "      <th>s3</th>\n",
       "      <td>-0.075181</td>\n",
       "      <td>-0.379090</td>\n",
       "      <td>-0.366811</td>\n",
       "      <td>-0.178762</td>\n",
       "      <td>0.051519</td>\n",
       "      <td>-0.196455</td>\n",
       "      <td>1.000000</td>\n",
       "      <td>-0.738493</td>\n",
       "      <td>-0.398577</td>\n",
       "      <td>-0.273697</td>\n",
       "    </tr>\n",
       "    <tr>\n",
       "      <th>s4</th>\n",
       "      <td>0.203841</td>\n",
       "      <td>0.332115</td>\n",
       "      <td>0.413807</td>\n",
       "      <td>0.257650</td>\n",
       "      <td>0.542207</td>\n",
       "      <td>0.659817</td>\n",
       "      <td>-0.738493</td>\n",
       "      <td>1.000000</td>\n",
       "      <td>0.617859</td>\n",
       "      <td>0.417212</td>\n",
       "    </tr>\n",
       "    <tr>\n",
       "      <th>s5</th>\n",
       "      <td>0.270774</td>\n",
       "      <td>0.149916</td>\n",
       "      <td>0.446157</td>\n",
       "      <td>0.393480</td>\n",
       "      <td>0.515503</td>\n",
       "      <td>0.318357</td>\n",
       "      <td>-0.398577</td>\n",
       "      <td>0.617859</td>\n",
       "      <td>1.000000</td>\n",
       "      <td>0.464669</td>\n",
       "    </tr>\n",
       "    <tr>\n",
       "      <th>s6</th>\n",
       "      <td>0.301731</td>\n",
       "      <td>0.208133</td>\n",
       "      <td>0.388680</td>\n",
       "      <td>0.390430</td>\n",
       "      <td>0.325717</td>\n",
       "      <td>0.290600</td>\n",
       "      <td>-0.273697</td>\n",
       "      <td>0.417212</td>\n",
       "      <td>0.464669</td>\n",
       "      <td>1.000000</td>\n",
       "    </tr>\n",
       "  </tbody>\n",
       "</table>\n",
       "</div>"
      ],
      "text/plain": [
       "          age       sex       bmi        bp        s1        s2        s3  \\\n",
       "age  1.000000  0.173737  0.185085  0.335428  0.260061  0.219243 -0.075181   \n",
       "sex  0.173737  1.000000  0.088161  0.241010  0.035277  0.142637 -0.379090   \n",
       "bmi  0.185085  0.088161  1.000000  0.395411  0.249777  0.261170 -0.366811   \n",
       "bp   0.335428  0.241010  0.395411  1.000000  0.242464  0.185548 -0.178762   \n",
       "s1   0.260061  0.035277  0.249777  0.242464  1.000000  0.896663  0.051519   \n",
       "s2   0.219243  0.142637  0.261170  0.185548  0.896663  1.000000 -0.196455   \n",
       "s3  -0.075181 -0.379090 -0.366811 -0.178762  0.051519 -0.196455  1.000000   \n",
       "s4   0.203841  0.332115  0.413807  0.257650  0.542207  0.659817 -0.738493   \n",
       "s5   0.270774  0.149916  0.446157  0.393480  0.515503  0.318357 -0.398577   \n",
       "s6   0.301731  0.208133  0.388680  0.390430  0.325717  0.290600 -0.273697   \n",
       "\n",
       "           s4        s5        s6  \n",
       "age  0.203841  0.270774  0.301731  \n",
       "sex  0.332115  0.149916  0.208133  \n",
       "bmi  0.413807  0.446157  0.388680  \n",
       "bp   0.257650  0.393480  0.390430  \n",
       "s1   0.542207  0.515503  0.325717  \n",
       "s2   0.659817  0.318357  0.290600  \n",
       "s3  -0.738493 -0.398577 -0.273697  \n",
       "s4   1.000000  0.617859  0.417212  \n",
       "s5   0.617859  1.000000  0.464669  \n",
       "s6   0.417212  0.464669  1.000000  "
      ]
     },
     "execution_count": 75,
     "metadata": {},
     "output_type": "execute_result"
    }
   ],
   "source": [
    "# Y 결괏값에 가장 영향을 미치는 요소는 bmi , s5\n",
    "df.corr()"
   ]
  },
  {
   "cell_type": "code",
   "execution_count": 82,
   "metadata": {},
   "outputs": [
    {
     "ename": "TypeError",
     "evalue": "concat() takes 1 positional argument but 2 were given",
     "output_type": "error",
     "traceback": [
      "\u001b[1;31m---------------------------------------------------------------------------\u001b[0m",
      "\u001b[1;31mTypeError\u001b[0m                                 Traceback (most recent call last)",
      "Cell \u001b[1;32mIn[82], line 3\u001b[0m\n\u001b[0;32m      1\u001b[0m feature \u001b[38;5;241m=\u001b[39m df[[\u001b[38;5;124m\"\u001b[39m\u001b[38;5;124mbmi\u001b[39m\u001b[38;5;124m\"\u001b[39m,\u001b[38;5;124m\"\u001b[39m\u001b[38;5;124ms5\u001b[39m\u001b[38;5;124m\"\u001b[39m]]\n\u001b[0;32m      2\u001b[0m target \u001b[38;5;241m=\u001b[39m pd\u001b[38;5;241m.\u001b[39mSeries(diabetes\u001b[38;5;241m.\u001b[39mtarget)\n\u001b[1;32m----> 3\u001b[0m \u001b[43mpd\u001b[49m\u001b[38;5;241;43m.\u001b[39;49m\u001b[43mconcat\u001b[49m\u001b[43m(\u001b[49m\u001b[43mfeature\u001b[49m\u001b[43m,\u001b[49m\u001b[43m \u001b[49m\u001b[43mtarget\u001b[49m\u001b[43m)\u001b[49m\n",
      "\u001b[1;31mTypeError\u001b[0m: concat() takes 1 positional argument but 2 were given"
     ]
    }
   ],
   "source": [
    "feature = df[[\"bmi\",\"s5\"]]\n",
    "target = pd.Series(diabetes.target)\n",
    "pd.concat(feature, target)"
   ]
  },
  {
   "cell_type": "code",
   "execution_count": 77,
   "metadata": {},
   "outputs": [],
   "source": [
    "z = np.abs(stats.zscore(feature)) # 이상치의 경우, 값을 제거 \n",
    "\n",
    "index,_=np.where(z>2.5)\n",
    "feature = feature[(z < 2.5).all(axis=1)]\n",
    "feature\n",
    "target=target.drop(index)"
   ]
  },
  {
   "cell_type": "code",
   "execution_count": null,
   "metadata": {},
   "outputs": [],
   "source": []
  }
 ],
 "metadata": {
  "kernelspec": {
   "display_name": "EXAM_ML",
   "language": "python",
   "name": "python3"
  },
  "language_info": {
   "codemirror_mode": {
    "name": "ipython",
    "version": 3
   },
   "file_extension": ".py",
   "mimetype": "text/x-python",
   "name": "python",
   "nbconvert_exporter": "python",
   "pygments_lexer": "ipython3",
   "version": "3.9.18"
  }
 },
 "nbformat": 4,
 "nbformat_minor": 2
}
